trial_name	individual	target_halfwidth	stimulus_period	radian	degree
con_1	1	0	0	-1.473502997	-84.42550281
con_2	2	0	0	1.295963271	74.25322585
con_3	3	0	0	-0.314510049	-18.02009843
con_5	5	0	0	-2.070025119	-118.6037028
con_6	6	0	0	-2.907256359	-166.5735193
con_7	7	0	0	-1.601138006	-91.73845015
con_8	8	0	0	-0.411935523	-23.60216689
con_9	9	0	0	0.331666126	19.00306924
con_10	10	0	0	2.803463471	160.6266249
con_11	11	0	0	1.452767622	83.23745337
con_12	12	0	0	0.143043083	8.195764946
con_13	13	0	0	2.254116575	129.1513663
con_14	14	0	0	-2.164042099	-123.990479
con_15	15	0	0	2.133303295	122.2292752
con_16	16	0	0	1.563967862	89.6087578
con_20	20	0	0	-1.398656102	-80.13709161
con_23	23	0	0	2.540611705	145.5663281
con_24	24	0	0	0.752903575	43.1381972
con_25	25	0	0	-1.66392532	-95.33589828
con_26	26	0	0	2.961883584	169.7034288
con_27	27	0	0	0.696913747	39.93021641
con_28	28	0	0	-1.560749445	-89.42435605
con_29	29	0	0	3.12366038	178.9725564
con_33	33	0	0	-2.143345722	-122.8046639
con_35	35	0	0	0.807081718	46.24237618
con_36	36	0	0	0.679653498	38.94127697
con_39	39	0	0	2.210105552	126.6297204
con_41	41	0	0	-0.556515497	-31.88598921
con_44	44	0	0	-2.612059135	-149.6599643
con_47	47	0	0	-2.361094435	-135.2807462
con_48	48	0	0	0.473269064	27.11631992
con_49	49	0	0	-0.15602618	-8.939641601
con_50	50	0	0	2.350855158	134.6940788
con_51	51	0	0	2.337447217	133.9258604
con_101	101	0	0	2.053614203	117.6634266
con_102	102	0	0	0.973644348	55.78571187
con_104	104	0	0	1.323412168	75.82593181
con_105	105	0	0	-2.35211978	-134.7665363
con_108	108	0	0	-1.584809716	-90.80290807
con_109	109	0	0	0.07237861	4.146988904
con_110	110	0	0	2.632125347	150.8096735
con_112	112	0	0	-1.010459983	-57.8950924
con_116	116	0	0	2.629116961	150.6373057
con_117	117	0	0	0.469831224	26.91934624
con_119	119	0	0	-0.628138806	-35.98970252
con_120	120	0	0	3.016452151	172.8299773
con_121	121	0	0	-1.952184738	-111.8519463
5_2	2	5	14	-1.093194984	-62.63545875
5_3	3	5	14	1.672408425	95.82194435
5_5	5	5	14	1.856946329	106.3951874
5_6	6	5	14	-0.032314975	-1.85151167
5_7	7	5	14	1.87068915	107.1825931
5_8	8	5	14	2.832082172	162.2663557
5_9	9	5	14	-2.121792715	-121.5697676
5_10	10	5	14	-1.414679651	-81.05517338
5_11	11	5	14	-2.733450138	-156.6151564
5_12	12	5	14	-0.358185313	-20.5225067
5_13	13	5	14	0.235292091	13.48124379
5_16	16	5	14	2.361255259	135.2899607
5_17	17	5	14	0.410634775	23.52763952
5_19	19	5	14	-1.945038862	-111.4425178
5_21	21	5	14	0.726108649	41.60296103
5_22	22	5	14	0.852449234	48.84174333
5_23	23	5	14	1.035700098	59.34124444
5_25	25	5	14	-2.276589055	-130.4389446
5_26	26	5	14	-1.173970416	-67.2635501
5_29	29	5	14	1.199199801	68.70908738
5_32	32	5	14	-2.835427355	-162.4580205
5_35	35	5	14	1.021185308	58.50960825
5_36	36	5	14	-3.010812315	-172.5068386
5_41	41	5	14	1.201749096	68.85515122
5_42	42	5	14	-1.143391864	-65.51152812
5_44	44	5	14	-1.140423803	-65.34147074
5_45	45	5	14	0.648549783	37.15916538
5_46	46	5	14	-1.818228889	-104.1768415
5_47	47	5	14	-0.179600306	-10.29033954
5_48	48	5	14	2.594259363	148.6401125
5_49	49	5	14	-0.071416322	-4.091853844
5_101	101	5	14	2.809170601	160.9536194
5_102	102	5	14	0.767427503	43.97035699
5_103	103	5	14	-2.892038552	-165.7016032
5_104	104	5	14	2.045405583	117.1931073
5_108	108	5	14	0.324705159	18.60423521
5_110	110	5	14	1.127466595	64.59907745
5_117	117	5	14	1.732121428	99.24324744
5_118	118	5	14	0.048758053	2.793630643
5_119	119	5	14	2.794183435	160.094918
5_121	121	5	14	0.393130821	22.52473683
10_1	1	10	28	-0.453996296	-26.01207168
10_2	2	10	28	-1.679476854	-96.22693553
10_3	3	10	28	-2.636838674	-151.0797272
10_5	5	10	28	-2.257003687	-129.3167856
10_6	6	10	28	1.02833711	58.91937635
10_7	7	10	28	-2.923764337	-167.5193568
10_8	8	10	28	-0.600891989	-34.42857491
10_9	9	10	28	-2.095700962	-120.0748202
10_10	10	10	28	2.300013477	131.781065
10_11	11	10	28	0.395773203	22.67613416
10_12	12	10	28	-1.856875038	-106.3911027
10_13	13	10	28	0.076061733	4.358016262
10_14	14	10	28	1.243378062	71.2403153
10_15	15	10	28	-3.014271228	-172.7050197
10_16	16	10	28	-2.813727368	-161.2147029
10_17	17	10	28	2.841028797	162.7789596
10_19	19	10	28	-1.589067474	-91.04685965
10_20	20	10	28	-0.384373888	-22.02300156
10_23	23	10	28	-1.624637014	-93.08484413
10_24	24	10	28	2.09446049	120.0037464
10_26	26	10	28	-0.957095764	-54.83754784
10_27	27	10	28	1.561362129	89.45946028
10_28	28	10	28	-0.005982826	-0.342790696
10_29	29	10	28	-0.148292156	-8.496514691
10_33	33	10	28	-2.478030721	-141.9807018
10_35	35	10	28	3.00950039	172.4316708
10_39	39	10	28	-1.472357822	-84.35988912
10_41	41	10	28	1.263377288	72.38618655
10_45	45	10	28	-1.540667154	-88.27372556
10_101	101	10	28	3.115891113	178.5274102
10_102	102	10	28	2.770097745	158.7149096
10_105	105	10	28	-1.938594916	-111.0733069
10_107	107	10	28	-0.265904088	-15.235182
10_108	108	10	28	-1.476869898	-84.61841207
10_109	109	10	28	2.999475394	171.8572808
10_110	110	10	28	2.742337076	157.1243405
10_111	111	10	28	1.641068827	94.02631767
10_112	112	10	28	-1.813649057	-103.9144365
10_113	113	10	28	2.750130236	157.5708556
10_114	114	10	28	2.355654815	134.9690789
10_116	116	10	28	2.671187022	153.0477426
10_117	117	10	28	1.689046925	96.77526019
10_119	119	10	28	-2.013713062	-115.3772596
10_121	121	10	28	-2.871645305	-164.5331562
15_2	2	15	42	0.065579862	3.757449289
15_3	3	15	42	1.441630294	82.59933149
15_7	7	15	42	-0.067498943	-3.86740453
15_9	9	15	42	-0.502734937	-28.8045901
15_10	10	15	42	-1.493431919	-85.56734597
15_11	11	15	42	0.005643702	0.323360292
15_13	13	15	42	-2.657176523	-152.2450002
15_14	14	15	42	0.464291396	26.60193743
15_16	16	15	42	1.998908337	114.5290113
15_19	19	15	42	-0.719809094	-41.24202315
15_21	21	15	42	-0.700095252	-40.1125032
15_23	23	15	42	-1.256690768	-72.00307716
15_24	24	15	42	0.023669961	1.356188891
15_25	25	15	42	2.714894178	155.5519782
15_26	26	15	42	1.635454605	93.70464646
15_27	27	15	42	2.913542001	166.9336601
15_28	28	15	42	-3.052060139	-174.8701648
15_29	29	15	42	2.708165859	155.1664739
15_30	30	15	42	-3.00055077	-171.9188954
15_32	32	15	42	0.076209389	4.366476331
15_35	35	15	42	-0.290511173	-16.64506411
15_36	36	15	42	2.479920023	142.0889508
15_41	41	15	42	0.022173748	1.270462156
15_42	42	15	42	3.126127879	179.1139337
15_44	44	15	42	0.901444267	51.64895198
15_47	47	15	42	-0.23583321	-13.51224759
15_48	48	15	42	-0.236770833	-13.56596941
15_49	49	15	42	-1.860784802	-106.6151157
15_50	50	15	42	-1.555347688	-89.11485818
15_51	51	15	42	0.156076956	8.942550853
15_101	101	15	42	1.410607986	80.82188417
15_102	102	15	42	-0.891725911	-51.09213121
15_104	104	15	42	-2.644873067	-151.5400641
15_105	105	15	42	1.144436139	65.57136066
15_107	107	15	42	-0.027644703	-1.583924801
15_109	109	15	42	-0.380353312	-21.79263952
15_110	110	15	42	2.903913221	166.3819716
15_112	112	15	42	0.058606764	3.357920208
15_116	116	15	42	-0.275801171	-15.80224309
15_119	119	15	42	-1.882557693	-107.8626105
15_120	120	15	42	0.320712574	18.37547692
15_121	121	15	42	2.377801707	136.2380023
20_2	2	20	56	-2.699461402	-154.6677453
20_3	3	20	56	2.880179842	165.0221492
20_5	5	20	56	-2.187760451	-125.3494404
20_7	7	20	56	-2.230686027	-127.8088948
20_9	9	20	56	1.134375051	64.9949028
20_10	10	20	56	-2.947900429	-168.902253
20_11	11	20	56	0.173388172	9.934410498
20_13	13	20	56	-0.239899445	-13.74522569
20_14	14	20	56	0.134177734	7.687817868
20_16	16	20	56	1.620691643	92.85879106
20_18	18	20	56	2.171413551	124.412832
20_19	19	20	56	-2.072481369	-118.7444355
20_20	20	20	56	-2.990470726	-171.3413513
20_22	22	20	56	-1.115020831	-63.88598767
20_24	24	20	56	2.829088603	162.0948368
20_26	26	20	56	-1.890059805	-108.2924499
20_27	27	20	56	-1.971945366	-112.9841469
20_28	28	20	56	-3.00301254	-172.0599443
20_29	29	20	56	-0.642033033	-36.78578311
20_30	30	20	56	2.534710632	145.2282215
20_33	33	20	56	-0.137032411	-7.851378786
20_35	35	20	56	-0.180127187	-10.32052757
20_36	36	20	56	1.168187568	66.9322173
20_39	39	20	56	-2.147296247	-123.0310123
20_41	41	20	56	0.181913214	10.42285939
20_47	47	20	56	1.254081426	71.85357287
20_48	48	20	56	2.231910611	127.8790583
20_101	101	20	56	-2.041176312	-116.9507879
20_102	102	20	56	0.070943811	4.064780925
20_103	103	20	56	0.025601733	1.466871234
20_104	104	20	56	-2.089429953	-119.7155179
20_105	105	20	56	-0.137239118	-7.863222245
20_106	106	20	56	-0.284325215	-16.29063481
20_107	107	20	56	3.127870535	179.2137805
20_108	108	20	56	-1.003482983	-57.49533975
20_109	109	20	56	1.941353428	111.231358
20_110	110	20	56	-1.01067673	-57.90751107
20_112	112	20	56	-2.130323466	-122.0585436
20_116	116	20	56	-2.197581112	-125.9121229
20_117	117	20	56	-0.367001091	-21.02761358
20_119	119	20	56	-2.098668791	-120.2448643
20_121	121	20	56	0.129464459	7.417767094
30_1	1	30	85	2.288358572	131.1132882
30_2	2	30	85	-0.015331076	-0.878405965
30_3	3	30	85	2.050347199	117.4762411
30_5	5	30	85	0.017297957	0.991099943
30_6	6	30	85	0.4587681	26.28547589
30_7	7	30	85	-1.921116933	-110.0718922
30_8	8	30	85	0.12887574	7.384035961
30_9	9	30	85	0.102251727	5.858592421
30_10	10	30	85	-0.091290565	-5.230564077
30_11	11	30	85	2.378338521	136.2687595
30_12	12	30	85	-3.096777936	-177.4323058
30_13	13	30	85	2.019668054	115.7184555
30_14	14	30	85	-2.175490876	-124.6464455
30_15	15	30	85	-0.040068765	-2.295771153
30_16	16	30	85	1.760526718	100.8707506
30_17	17	30	85	1.528023704	87.54930924
30_18	18	30	85	-2.305735901	-132.1089358
30_19	19	30	85	-2.175332728	-124.6373843
30_20	20	30	85	-0.832906776	-47.72204299
30_24	24	30	85	0.72501896	41.54052649
30_26	26	30	85	2.945744204	168.7787104
30_27	27	30	85	-0.297708587	-17.05744557
30_28	28	30	85	-0.166759449	-9.554612623
30_29	29	30	85	2.655629996	152.1563907
30_30	30	30	85	0.020821522	1.192985347
30_32	32	30	85	-0.027007365	-1.54740802
30_33	33	30	85	-0.146860727	-8.41449985
30_36	36	30	85	1.693802974	97.04776176
30_39	39	30	85	-1.767304318	-101.2590785
30_42	42	30	85	-2.001463965	-114.6754381
30_43	43	30	85	-2.196460327	-125.8479066
30_44	44	30	85	-0.692566883	-39.68115944
30_46	46	30	85	2.16809422	124.2226484
30_47	47	30	85	1.911959772	109.5472255
30_49	49	30	85	-2.425869741	-138.9920978
30_50	50	30	85	-0.173229511	-9.925319878
30_51	51	30	85	0.412507317	23.63492826
30_101	101	30	85	2.768234036	158.608127
30_102	102	30	85	1.73672604	99.50707227
30_104	104	30	85	0.133597109	7.654550525
30_105	105	30	85	-0.51864606	-29.71623033
30_106	106	30	85	-0.05951886	-3.410179452
30_107	107	30	85	-0.128302607	-7.351197882
30_108	108	30	85	-0.688210077	-39.43153285
30_109	109	30	85	2.344235845	134.3148201
30_113	113	30	85	0.221692117	12.70202265
30_114	114	30	85	0.914812294	52.41488349
30_115	115	30	85	-3.058725169	-175.2520429
30_116	116	30	85	-1.19776688	-68.62698708
30_117	117	30	85	-2.605488806	-149.2835122
30_119	119	30	85	-0.207392908	-11.88273836
30_121	121	30	85	-1.958319631	-112.2034498
40_2	2	40	113	-0.284209421	-16.28400033
40_3	3	40	113	-0.250664994	-14.3620462
40_5	5	40	113	-0.728590835	-41.74517984
40_6	6	40	113	-0.129569104	-7.423762818
40_7	7	40	113	0.127896088	7.327906066
40_10	10	40	113	0.379226928	21.72810244
40_11	11	40	113	0.146844203	8.413553066
40_13	13	40	113	1.981827427	113.5503473
40_14	14	40	113	-1.961529445	-112.3873586
40_16	16	40	113	-1.910799922	-109.480771
40_17	17	40	113	0.324730474	18.60568563
40_18	18	40	113	-0.187423632	-10.7385831
40_19	19	40	113	-0.340919031	-19.53322165
40_24	24	40	113	-0.078560924	-4.501209403
40_26	26	40	113	2.765631358	158.4590045
40_27	27	40	113	-0.177661311	-10.17924333
40_30	30	40	113	0.422060619	24.18229215
40_32	32	40	113	0.067655971	3.876401571
40_33	33	40	113	-0.042529959	-2.43678717
40_49	49	40	113	0.266337101	15.2599918
40_101	101	40	113	-0.276944062	-15.86772589
40_102	102	40	113	-0.560854326	-32.13458581
40_103	103	40	113	1.511342685	86.59355727
40_104	104	40	113	-0.175108996	-10.03300644
40_105	105	40	113	-0.290746901	-16.65857035
40_107	107	40	113	0.081163316	4.650315478
40_108	108	40	113	-0.082152295	-4.706979785
40_109	109	40	113	-1.252294852	-71.75120974
40_110	110	40	113	2.43619493	139.5836876
40_112	112	40	113	0.074971997	4.295578989
40_118	118	40	113	-0.852463298	-48.84254915
40_119	119	40	113	-2.508227778	-143.7108657
40_121	121	40	113	0.454762317	26.05596146
50_1	1	50	141	0.021754209	1.246424375
50_2	2	50	141	2.807460249	160.8556234
50_3	3	50	141	0.225122197	12.89855179
50_7	7	50	141	-0.758338363	-43.44958763
50_9	9	50	141	-0.020849615	-1.194594962
50_10	10	50	141	2.724109008	156.0799491
50_11	11	50	141	0.100419933	5.753638364
50_12	12	50	141	3.000598939	171.9216552
50_14	14	50	141	0.280703971	16.08315284
50_16	16	50	141	-0.000369475	-0.021169384
50_20	20	50	141	-0.598807162	-34.3091231
50_22	22	50	141	-0.201444012	-11.54189169
50_24	24	50	141	-0.928592299	-53.2044196
50_25	25	50	141	0.17551298	10.05615298
50_26	26	50	141	1.248527372	71.53534902
50_27	27	50	141	-2.737645053	-156.8555074
50_28	28	50	141	2.726402065	156.2113316
50_29	29	50	141	-1.176138226	-67.38775649
50_32	32	50	141	-1.98405461	-113.6779555
50_33	33	50	141	0.457750408	26.22716645
50_34	34	50	141	0.283042169	16.21712173
50_39	39	50	141	0.498082852	28.53804526
50_40	40	50	141	1.204147858	68.99259018
50_41	41	50	141	0.195851208	11.22144766
50_42	42	50	141	0.191239454	10.95721359
50_43	43	50	141	-3.63E-16	-2.08E-14
50_44	44	50	141	0.393043415	22.51972882
50_50	50	50	141	2.426305852	139.0170852
50_101	101	50	141	1.839782642	105.4117806
50_104	104	50	141	-2.817047945	-161.4049579
50_105	105	50	141	0.366428875	20.99482805
50_107	107	50	141	-0.278720639	-15.96951626
50_108	108	50	141	-0.169969206	-9.738518149
50_109	109	50	141	2.894172496	165.8238692
50_110	110	50	141	-0.337400749	-19.33163895
50_112	112	50	141	0.422034667	24.18080523
50_113	113	50	141	-0.109744916	-6.287920529
50_119	119	50	141	0.270008078	15.4703233
50_121	121	50	141	-0.168393186	-9.648218883
